         136       3
   0   0 255   0   0   0 255 178 127 178 127 255  76 255 255 255 255 255 255
 178  76   0   0   0   0   0   0   0  76 178 255 255 255 255 255 255 255 255
 216 165 127 127 127 127 127 127 127 165 216 255 255 255 255 127 127 127 127
  89  38   0   0   0   0   0   0   0  38  89 127 127 127 127 255 255 255 255
 255 255 255 255 255 255 255 255 255 255 255 255 255 255 255 255 255 255 255
 255 255 255 255 255 255 255 255 255 255 255 255 255 255 255 255 255 255 255
 255 255 255 255 255 255 255 255 255 255 255 255 255 255 255 255 255 255 255
 255 255 255
   0   0   0 255 255   0   0   0 127 255   0  76   0 255 255   0   0   0   0
   0   0   0  76 178 255 255 255 255 255 255 255 178  76   0 127 127 127 127
 127 127 127 165 216 255 255 255 255 255 255 255 216 165 127   0   0   0   0
   0   0   0  38  89 127 127 127 127 127 127 127  89  38   0 255 255 255 255
 255 255 255 255 255 255 255 255 255 255 255 255 255 255 255 255 255 255 255
 255 255 255 255 255 255 255 255 255 255 255 255 255 255 255 255 255 255 255
 255 255 255 255 255 255 255 255 255 255 255 255 255 255 255 255 255 255 255
 255 255 255
   0   0   0 255   0 127 255 255 127  51  51   0 255   0 255   0  76 178 255
 255 255 255 255 255 255 178  76   0   0   0   0   0   0   0 127 165 216 255
 255 255 255 255 255 255 216 165 127 127 127 127 127 127 127   0  38  89 127
 127 127 127 127 127 127  89  38   0   0   0   0   0   0   0 255 255 255 255
 255 255 255 255 255 255 255 255 255 255 255 255 255 255 255 255 255 255 255
 255 255 255 255 255 255 255 255 255 255 255 255 255 255 255 255 255 255 255
 255 255 255 255 255 255 255 255 255 255 255 255 255 255 255 255 255 255 255
 255 255 255
